2370697
2945840
22502242
151212202
187360308
188644377
226010258
232495973
244920546
279415808
280091765
346875886
362549282
434690104
485491594
16920233
21108746
25564518
35915948
52335030
59295320
101073630
126468483
166220294
192868521
218843462
244471555
280729269
283441187
283876400
297112324
303484146
311808692
323077125
346875886
349111491
353505399
391497076
415659605
458077733
471169991
499582149
502088516
502648650
417791734
5222970
6089058
10666847
23456689
30447131
58354821
104928759
125926898
147727871
166220294
200047548
203139884
208187882
229105282
285084967
363923705
6832311
10666847
14720616
14961587
17527245
22502242
29876603
30126404
30447131
47576633
57533691
69605252
74611463
76537177
84374611
96017912
96094609
125377427
139072808
144073366
155827211
157114657
166220294
174145982
181601325
185014783
187204140
189198469
194580823
196503576
211488531
222843187
233993634
235263208
252595825
266811375
281486209
315944361
317939044
324690531
363097035
363923705
364607194
374023451
380542492
423668716
433771145
437414114
456401672
471169991
474640108
484519808
488787904
5945045
6089058
20446826
30447131
34718063
84374611
102365467
157843206
166220294
194580823
209868016
211488531
233993634
236827024
352590725
435571650
491654100
37133827
5188213
34779026
84183025
104187285
166692874
169473711
180864727
191698244
192161386
235339330
236824456
240724732
254147827
261727232
280317128
280378162
281537513
283520066
288739773
293054872
295059595
301208367
321694521
353839114
361873440
378629526
387429273
393014397
394667742
395955315
412917896
424077455
430136638
443347043
480805233
492584246
493221165
496223172
505081549
505122413
505199452
505263711
505325738
505333242
505799877
505983860
1552400
1651135
3803771
12984946
15773092
21639612
23333561
32374760
41080366
62300992
65452143
83422867
91155662
92107653
100032036
119816438
133024753
136785516
143320169
154656567
156582237
158204060
158701338
161790064
165870599
165978088
169473711
175071312
177807945
178039593
180334234
191595803
199867843
203566777
205561151
205944124
210241411
215793960
218407410
230997809
235842450
236318159
242649019
246604604
246676838
249548642
250487632
251989017
261796266
276821285
279231583
288345707
290624314
290969976
305453466
305892379
313654543
319464514
321672868
327516204
331103980
334935743
335582711
336138698
340996105
342583534
345583379
347625922
351233524
351947333
355950486
358280207
359752479
360844200
363973981
371799635
379884404
386575397
386928607
392536885
392937699
394226530
397158313
397904372
398680971
399729913
406895651
406991344
410937134
411300709
411464140
413274041
413567954
414223422
416893096
418938433
419228838
419802594
421308700
427908549
432000847
434498374
434895272
435323116
436382714
436669733
437189440
438200773
441735767
447358639
449293586
450206048
451429709
452491202
453315970
459161753
461479769
463498068
464041205
465635921
466156991
466158138
466750551
466843419
468648827
472128219
473376556
473717573
475145890
475418463
475903329
477184891
479665004
480081958
480958162
484170464
484330764
486617465
488080927
488680910
492252180
492519690
493192086
494603836
502468393
502899090
505263711
505470729
505646992
505807248
505828265
505876548
505878996
506022853
28174902
497867219
119664038
165292686
241347316
254147827
320684925
343104069
369001099
434895272
456356104
467735914
480647133
494402464
495898276
496719750
501270746
505298191
505544066
505894746
505912757
3504804
3559000
10042423
16769402
18906494
86163827
124092220
137030680
139080855
141771682
147002840
154218301
160811212
162065328
168649634
169331494
175071312
188350226
196744602
218555126
254756983
265780033
266832466
270532329
280046047
293527292
297466498
302854374
320686226
339281874
344294574
352809543
356568176
361536256
362248464
364515589
368854968
429538220
432835701
435942941
441084704
442303633
444064201
472849015
474454168
480805233
486310746
488716735
490386832
491635128
492695361
492776502
494402464
496719750
501240703
501270746
501980854
503846977
503930337
505081549
505115622
505122413
505179744
505196009
505256007
505266882
505298191
505343087
505347746
505358190
505434816
505470729
505553424
505595996
505643172
505676391
505799877
505884250
505894746
505912757
505918456
505922814
505957715
86163827
154218301
229328701
280046047
322088730
409598211
448006214
454462853
470480703
486477210
496719750
497590376
503147804
505405626
505487209
505553424
505595996
505786632
505799877
505876548
505957715
481927790
35282148
9271144
137318064
150572647
26454377
235682326
152988908
194458817
13813933
57722085
165618604
352405636
52676622
356142212
83281354
482949045
78271117
435081741
454438622
474614166
477893143
20196969
169755828
396918958
455843198
329680101
318390241
47160198
145794350
467152901
115447888
395464637
377927745
418282633
5880366
269724024
358978838
427541000
227955517
306356996
503359007
20892162
218888547
145358467
164485964
222707680
212379760
479825204
292632225
134211218
355957025
86125113
212018498
498298651
463263062
79830556
256903385
324673348
328998717
395950225
91024184
110399394
169737949
417690148
12802561
269764221
151674371
228265285
375353654
8571336
76743028
301145227
184332486
243505771
262894637
418763966
2658458
133168537
226083174
275006536
353710209
7272950
14679459
24887891
142197657
206576945
336447950
397272450
48884245
58218368
183799912
205235232
206102273
379588344
410128146
479020485
486230172
98172050
151057114
167550055
208242170
249209111
477249231
485547624
26430397
108567265
184108829
199660087
382287639
403512669
423137420
448048782
4309076
20106445
58941475
74109009
313701038
363470229
378621954
427336034
3000075
18039083
44819459
55779551
64656216
141878354
155822130
199481028
215540475
230636051
373359141
432100821
471842285
13134237
24232950
29161486
31383537
38411099
48715122
50215460
61188540
90662029
120181720
137631398
192497174
237236066
257147326
271803374
314294044
370364604
371477931
419481372
420887306
424829376
